(kicad_pcb (version 20171130) (host pcbnew "(5.1.6)-1")

  (general
    (thickness 1.6)
    (drawings 4)
    (tracks 240)
    (zones 0)
    (modules 19)
    (nets 13)
  )

  (page A4)
  (layers
    (0 F.Cu signal)
    (31 B.Cu signal)
    (32 B.Adhes user hide)
    (33 F.Adhes user)
    (34 B.Paste user)
    (35 F.Paste user hide)
    (36 B.SilkS user)
    (37 F.SilkS user)
    (38 B.Mask user hide)
    (39 F.Mask user hide)
    (40 Dwgs.User user hide)
    (41 Cmts.User user hide)
    (42 Eco1.User user hide)
    (43 Eco2.User user hide)
    (44 Edge.Cuts user)
    (45 Margin user)
    (46 B.CrtYd user)
    (47 F.CrtYd user)
    (48 B.Fab user)
    (49 F.Fab user hide)
  )

  (setup
    (last_trace_width 0.2032)
    (user_trace_width 0.2032)
    (trace_clearance 0.16)
    (zone_clearance 0.508)
    (zone_45_only no)
    (trace_min 0.2)
    (via_size 0.8)
    (via_drill 0.4)
    (via_min_size 0.4)
    (via_min_drill 0.3)
    (uvia_size 0.3)
    (uvia_drill 0.1)
    (uvias_allowed no)
    (uvia_min_size 0.2)
    (uvia_min_drill 0.1)
    (edge_width 0.05)
    (segment_width 0.2)
    (pcb_text_width 0.3)
    (pcb_text_size 1.5 1.5)
    (mod_edge_width 0.12)
    (mod_text_size 1 1)
    (mod_text_width 0.15)
    (pad_size 1.524 1.524)
    (pad_drill 0.762)
    (pad_to_mask_clearance 0.04064)
    (solder_mask_min_width 0.04064)
    (aux_axis_origin 0 0)
    (visible_elements 7FFFFF7F)
    (pcbplotparams
      (layerselection 0x010fc_ffffffff)
      (usegerberextensions false)
      (usegerberattributes true)
      (usegerberadvancedattributes true)
      (creategerberjobfile true)
      (excludeedgelayer true)
      (linewidth 0.100000)
      (plotframeref false)
      (viasonmask false)
      (mode 1)
      (useauxorigin false)
      (hpglpennumber 1)
      (hpglpenspeed 20)
      (hpglpendiameter 15.000000)
      (psnegative false)
      (psa4output false)
      (plotreference true)
      (plotvalue true)
      (plotinvisibletext false)
      (padsonsilk false)
      (subtractmaskfromsilk false)
      (outputformat 1)
      (mirror false)
      (drillshape 1)
      (scaleselection 1)
      (outputdirectory ""))
  )

  (net 0 "")
  (net 1 GND)
  (net 2 +3V3)
  (net 3 VIN)
  (net 4 "Net-(C11-Pad1)")
  (net 5 /D-)
  (net 6 /D+)
  (net 7 /USBID)
  (net 8 /~MCLR)
  (net 9 /PGD)
  (net 10 /PGC)
  (net 11 "Net-(R1-Pad2)")
  (net 12 "Net-(U1-Pad49)")

  (net_class Default "Esta é a classe de rede padrão."
    (clearance 0.16)
    (trace_width 0.25)
    (via_dia 0.8)
    (via_drill 0.4)
    (uvia_dia 0.3)
    (uvia_drill 0.1)
    (add_net +3V3)
    (add_net /D+)
    (add_net /D-)
    (add_net /PGC)
    (add_net /PGD)
    (add_net /USBID)
    (add_net /~MCLR)
    (add_net GND)
    (add_net "Net-(C11-Pad1)")
    (add_net "Net-(R1-Pad2)")
    (add_net "Net-(U1-Pad49)")
    (add_net VIN)
  )

  (module klib_Passive:C_0805 (layer F.Cu) (tedit 5F19F0B2) (tstamp 5F1B42F4)
    (at 139.7375 59.6)
    (descr "Capacitor SMD 0805 (2012 Metric), square (rectangular) end terminal, IPC_7351 nominal, (Body size source: https://docs.google.com/spreadsheets/d/1BsfQQcO9C6DZCsRaXUlFlo91Tg2WpOkGARC1WS5S8t0/edit?usp=sharing), generated with kicad-footprint-generator")
    (tags capacitor)
    (path /5F1B102B)
    (attr smd)
    (fp_text reference C1 (at 2.6625 0) (layer F.SilkS)
      (effects (font (size 1 1) (thickness 0.15)))
    )
    (fp_text value 0.01uF (at 0 1.65) (layer F.Fab) hide
      (effects (font (size 1 1) (thickness 0.15)))
    )
    (fp_line (start 1.68 0.95) (end -1.68 0.95) (layer F.CrtYd) (width 0.05))
    (fp_line (start 1.68 -0.95) (end 1.68 0.95) (layer F.CrtYd) (width 0.05))
    (fp_line (start -1.68 -0.95) (end 1.68 -0.95) (layer F.CrtYd) (width 0.05))
    (fp_line (start -1.68 0.95) (end -1.68 -0.95) (layer F.CrtYd) (width 0.05))
    (fp_line (start -0.258578 0.71) (end 0.258578 0.71) (layer F.SilkS) (width 0.12))
    (fp_line (start -0.258578 -0.71) (end 0.258578 -0.71) (layer F.SilkS) (width 0.12))
    (fp_line (start 1 0.6) (end -1 0.6) (layer F.Fab) (width 0.1))
    (fp_line (start 1 -0.6) (end 1 0.6) (layer F.Fab) (width 0.1))
    (fp_line (start -1 -0.6) (end 1 -0.6) (layer F.Fab) (width 0.1))
    (fp_line (start -1 0.6) (end -1 -0.6) (layer F.Fab) (width 0.1))
    (fp_text user %R (at 0 0) (layer F.Fab)
      (effects (font (size 0.5 0.5) (thickness 0.08)))
    )
    (pad 2 smd roundrect (at 0.9375 0) (size 0.975 1.4) (layers F.Cu F.Paste F.Mask) (roundrect_rratio 0.25)
      (net 1 GND))
    (pad 1 smd roundrect (at -0.9375 0) (size 0.975 1.4) (layers F.Cu F.Paste F.Mask) (roundrect_rratio 0.25)
      (net 2 +3V3))
    (model "C:/Users/Gustavo/Projetos/_KiCad/KiCad Libraries/3D Models/klib_Passive/C_0805.step"
      (at (xyz 0 0 0))
      (scale (xyz 1 1 1))
      (rotate (xyz 0 0 0))
    )
  )

  (module klib_Passive:C_0805 (layer F.Cu) (tedit 5F19F0B2) (tstamp 5F1C41E6)
    (at 124 46.4625 90)
    (descr "Capacitor SMD 0805 (2012 Metric), square (rectangular) end terminal, IPC_7351 nominal, (Body size source: https://docs.google.com/spreadsheets/d/1BsfQQcO9C6DZCsRaXUlFlo91Tg2WpOkGARC1WS5S8t0/edit?usp=sharing), generated with kicad-footprint-generator")
    (tags capacitor)
    (path /5F1B2B13)
    (attr smd)
    (fp_text reference C2 (at 0 -1.65 90) (layer F.SilkS)
      (effects (font (size 1 1) (thickness 0.15)))
    )
    (fp_text value 0.1uF (at 0 1.65 90) (layer F.Fab) hide
      (effects (font (size 1 1) (thickness 0.15)))
    )
    (fp_line (start -1 0.6) (end -1 -0.6) (layer F.Fab) (width 0.1))
    (fp_line (start -1 -0.6) (end 1 -0.6) (layer F.Fab) (width 0.1))
    (fp_line (start 1 -0.6) (end 1 0.6) (layer F.Fab) (width 0.1))
    (fp_line (start 1 0.6) (end -1 0.6) (layer F.Fab) (width 0.1))
    (fp_line (start -0.258578 -0.71) (end 0.258578 -0.71) (layer F.SilkS) (width 0.12))
    (fp_line (start -0.258578 0.71) (end 0.258578 0.71) (layer F.SilkS) (width 0.12))
    (fp_line (start -1.68 0.95) (end -1.68 -0.95) (layer F.CrtYd) (width 0.05))
    (fp_line (start -1.68 -0.95) (end 1.68 -0.95) (layer F.CrtYd) (width 0.05))
    (fp_line (start 1.68 -0.95) (end 1.68 0.95) (layer F.CrtYd) (width 0.05))
    (fp_line (start 1.68 0.95) (end -1.68 0.95) (layer F.CrtYd) (width 0.05))
    (fp_text user %R (at 0 0 90) (layer F.Fab)
      (effects (font (size 0.5 0.5) (thickness 0.08)))
    )
    (pad 1 smd roundrect (at -0.9375 0 90) (size 0.975 1.4) (layers F.Cu F.Paste F.Mask) (roundrect_rratio 0.25)
      (net 2 +3V3))
    (pad 2 smd roundrect (at 0.9375 0 90) (size 0.975 1.4) (layers F.Cu F.Paste F.Mask) (roundrect_rratio 0.25)
      (net 1 GND))
    (model "C:/Users/Gustavo/Projetos/_KiCad/KiCad Libraries/3D Models/klib_Passive/C_0805.step"
      (at (xyz 0 0 0))
      (scale (xyz 1 1 1))
      (rotate (xyz 0 0 0))
    )
  )

  (module klib_Passive:C_0805 (layer F.Cu) (tedit 5F19F0B2) (tstamp 5F1B4234)
    (at 131.1375 55.88)
    (descr "Capacitor SMD 0805 (2012 Metric), square (rectangular) end terminal, IPC_7351 nominal, (Body size source: https://docs.google.com/spreadsheets/d/1BsfQQcO9C6DZCsRaXUlFlo91Tg2WpOkGARC1WS5S8t0/edit?usp=sharing), generated with kicad-footprint-generator")
    (tags capacitor)
    (path /5F1B418C)
    (attr smd)
    (fp_text reference C3 (at -0.9375 1.72) (layer F.SilkS)
      (effects (font (size 1 1) (thickness 0.15)))
    )
    (fp_text value 0.1uF (at 0 1.65) (layer F.Fab) hide
      (effects (font (size 1 1) (thickness 0.15)))
    )
    (fp_line (start -1 0.6) (end -1 -0.6) (layer F.Fab) (width 0.1))
    (fp_line (start -1 -0.6) (end 1 -0.6) (layer F.Fab) (width 0.1))
    (fp_line (start 1 -0.6) (end 1 0.6) (layer F.Fab) (width 0.1))
    (fp_line (start 1 0.6) (end -1 0.6) (layer F.Fab) (width 0.1))
    (fp_line (start -0.258578 -0.71) (end 0.258578 -0.71) (layer F.SilkS) (width 0.12))
    (fp_line (start -0.258578 0.71) (end 0.258578 0.71) (layer F.SilkS) (width 0.12))
    (fp_line (start -1.68 0.95) (end -1.68 -0.95) (layer F.CrtYd) (width 0.05))
    (fp_line (start -1.68 -0.95) (end 1.68 -0.95) (layer F.CrtYd) (width 0.05))
    (fp_line (start 1.68 -0.95) (end 1.68 0.95) (layer F.CrtYd) (width 0.05))
    (fp_line (start 1.68 0.95) (end -1.68 0.95) (layer F.CrtYd) (width 0.05))
    (fp_text user %R (at 0 0) (layer F.Fab)
      (effects (font (size 0.5 0.5) (thickness 0.08)))
    )
    (pad 1 smd roundrect (at -0.9375 0) (size 0.975 1.4) (layers F.Cu F.Paste F.Mask) (roundrect_rratio 0.25)
      (net 2 +3V3))
    (pad 2 smd roundrect (at 0.9375 0) (size 0.975 1.4) (layers F.Cu F.Paste F.Mask) (roundrect_rratio 0.25)
      (net 1 GND))
    (model "C:/Users/Gustavo/Projetos/_KiCad/KiCad Libraries/3D Models/klib_Passive/C_0805.step"
      (at (xyz 0 0 0))
      (scale (xyz 1 1 1))
      (rotate (xyz 0 0 0))
    )
  )

  (module klib_Passive:C_0805 (layer F.Cu) (tedit 5F19F0B2) (tstamp 5F1B42C4)
    (at 135.6 55.88 180)
    (descr "Capacitor SMD 0805 (2012 Metric), square (rectangular) end terminal, IPC_7351 nominal, (Body size source: https://docs.google.com/spreadsheets/d/1BsfQQcO9C6DZCsRaXUlFlo91Tg2WpOkGARC1WS5S8t0/edit?usp=sharing), generated with kicad-footprint-generator")
    (tags capacitor)
    (path /5F1B4510)
    (attr smd)
    (fp_text reference C4 (at 0.8 -1.72) (layer F.SilkS)
      (effects (font (size 1 1) (thickness 0.15)))
    )
    (fp_text value 0.1uF (at 0 1.65) (layer F.Fab) hide
      (effects (font (size 1 1) (thickness 0.15)))
    )
    (fp_line (start 1.68 0.95) (end -1.68 0.95) (layer F.CrtYd) (width 0.05))
    (fp_line (start 1.68 -0.95) (end 1.68 0.95) (layer F.CrtYd) (width 0.05))
    (fp_line (start -1.68 -0.95) (end 1.68 -0.95) (layer F.CrtYd) (width 0.05))
    (fp_line (start -1.68 0.95) (end -1.68 -0.95) (layer F.CrtYd) (width 0.05))
    (fp_line (start -0.258578 0.71) (end 0.258578 0.71) (layer F.SilkS) (width 0.12))
    (fp_line (start -0.258578 -0.71) (end 0.258578 -0.71) (layer F.SilkS) (width 0.12))
    (fp_line (start 1 0.6) (end -1 0.6) (layer F.Fab) (width 0.1))
    (fp_line (start 1 -0.6) (end 1 0.6) (layer F.Fab) (width 0.1))
    (fp_line (start -1 -0.6) (end 1 -0.6) (layer F.Fab) (width 0.1))
    (fp_line (start -1 0.6) (end -1 -0.6) (layer F.Fab) (width 0.1))
    (fp_text user %R (at 0 0) (layer F.Fab)
      (effects (font (size 0.5 0.5) (thickness 0.08)))
    )
    (pad 2 smd roundrect (at 0.9375 0 180) (size 0.975 1.4) (layers F.Cu F.Paste F.Mask) (roundrect_rratio 0.25)
      (net 1 GND))
    (pad 1 smd roundrect (at -0.9375 0 180) (size 0.975 1.4) (layers F.Cu F.Paste F.Mask) (roundrect_rratio 0.25)
      (net 2 +3V3))
    (model "C:/Users/Gustavo/Projetos/_KiCad/KiCad Libraries/3D Models/klib_Passive/C_0805.step"
      (at (xyz 0 0 0))
      (scale (xyz 1 1 1))
      (rotate (xyz 0 0 0))
    )
  )

  (module klib_Passive:C_0805 (layer F.Cu) (tedit 5F19F0B2) (tstamp 5F1B4264)
    (at 142.9004 52.451)
    (descr "Capacitor SMD 0805 (2012 Metric), square (rectangular) end terminal, IPC_7351 nominal, (Body size source: https://docs.google.com/spreadsheets/d/1BsfQQcO9C6DZCsRaXUlFlo91Tg2WpOkGARC1WS5S8t0/edit?usp=sharing), generated with kicad-footprint-generator")
    (tags capacitor)
    (path /5F1B487A)
    (attr smd)
    (fp_text reference C5 (at -0.8199 -1.651 180) (layer F.SilkS)
      (effects (font (size 1 1) (thickness 0.15)))
    )
    (fp_text value 0.1uF (at 0 1.65) (layer F.Fab) hide
      (effects (font (size 1 1) (thickness 0.15)))
    )
    (fp_line (start -1 0.6) (end -1 -0.6) (layer F.Fab) (width 0.1))
    (fp_line (start -1 -0.6) (end 1 -0.6) (layer F.Fab) (width 0.1))
    (fp_line (start 1 -0.6) (end 1 0.6) (layer F.Fab) (width 0.1))
    (fp_line (start 1 0.6) (end -1 0.6) (layer F.Fab) (width 0.1))
    (fp_line (start -0.258578 -0.71) (end 0.258578 -0.71) (layer F.SilkS) (width 0.12))
    (fp_line (start -0.258578 0.71) (end 0.258578 0.71) (layer F.SilkS) (width 0.12))
    (fp_line (start -1.68 0.95) (end -1.68 -0.95) (layer F.CrtYd) (width 0.05))
    (fp_line (start -1.68 -0.95) (end 1.68 -0.95) (layer F.CrtYd) (width 0.05))
    (fp_line (start 1.68 -0.95) (end 1.68 0.95) (layer F.CrtYd) (width 0.05))
    (fp_line (start 1.68 0.95) (end -1.68 0.95) (layer F.CrtYd) (width 0.05))
    (fp_text user %R (at 0 0) (layer F.Fab)
      (effects (font (size 0.5 0.5) (thickness 0.08)))
    )
    (pad 1 smd roundrect (at -0.9375 0) (size 0.975 1.4) (layers F.Cu F.Paste F.Mask) (roundrect_rratio 0.25)
      (net 2 +3V3))
    (pad 2 smd roundrect (at 0.9375 0) (size 0.975 1.4) (layers F.Cu F.Paste F.Mask) (roundrect_rratio 0.25)
      (net 1 GND))
    (model "C:/Users/Gustavo/Projetos/_KiCad/KiCad Libraries/3D Models/klib_Passive/C_0805.step"
      (at (xyz 0 0 0))
      (scale (xyz 1 1 1))
      (rotate (xyz 0 0 0))
    )
  )

  (module klib_Passive:C_0805 (layer F.Cu) (tedit 5F19F0B2) (tstamp 5F1B4294)
    (at 142.4 46.4625 90)
    (descr "Capacitor SMD 0805 (2012 Metric), square (rectangular) end terminal, IPC_7351 nominal, (Body size source: https://docs.google.com/spreadsheets/d/1BsfQQcO9C6DZCsRaXUlFlo91Tg2WpOkGARC1WS5S8t0/edit?usp=sharing), generated with kicad-footprint-generator")
    (tags capacitor)
    (path /5F1B4AFC)
    (attr smd)
    (fp_text reference C6 (at 0.8625 1.8 90) (layer F.SilkS)
      (effects (font (size 1 1) (thickness 0.15)))
    )
    (fp_text value 0.1uF (at 0 1.65 90) (layer F.Fab) hide
      (effects (font (size 1 1) (thickness 0.15)))
    )
    (fp_line (start 1.68 0.95) (end -1.68 0.95) (layer F.CrtYd) (width 0.05))
    (fp_line (start 1.68 -0.95) (end 1.68 0.95) (layer F.CrtYd) (width 0.05))
    (fp_line (start -1.68 -0.95) (end 1.68 -0.95) (layer F.CrtYd) (width 0.05))
    (fp_line (start -1.68 0.95) (end -1.68 -0.95) (layer F.CrtYd) (width 0.05))
    (fp_line (start -0.258578 0.71) (end 0.258578 0.71) (layer F.SilkS) (width 0.12))
    (fp_line (start -0.258578 -0.71) (end 0.258578 -0.71) (layer F.SilkS) (width 0.12))
    (fp_line (start 1 0.6) (end -1 0.6) (layer F.Fab) (width 0.1))
    (fp_line (start 1 -0.6) (end 1 0.6) (layer F.Fab) (width 0.1))
    (fp_line (start -1 -0.6) (end 1 -0.6) (layer F.Fab) (width 0.1))
    (fp_line (start -1 0.6) (end -1 -0.6) (layer F.Fab) (width 0.1))
    (fp_text user %R (at 0 0 90) (layer F.Fab)
      (effects (font (size 0.5 0.5) (thickness 0.08)))
    )
    (pad 2 smd roundrect (at 0.9375 0 90) (size 0.975 1.4) (layers F.Cu F.Paste F.Mask) (roundrect_rratio 0.25)
      (net 1 GND))
    (pad 1 smd roundrect (at -0.9375 0 90) (size 0.975 1.4) (layers F.Cu F.Paste F.Mask) (roundrect_rratio 0.25)
      (net 2 +3V3))
    (model "C:/Users/Gustavo/Projetos/_KiCad/KiCad Libraries/3D Models/klib_Passive/C_0805.step"
      (at (xyz 0 0 0))
      (scale (xyz 1 1 1))
      (rotate (xyz 0 0 0))
    )
  )

  (module klib_Passive:C_0805 (layer F.Cu) (tedit 5F19F0B2) (tstamp 5F1B4204)
    (at 142.4 41.6625 90)
    (descr "Capacitor SMD 0805 (2012 Metric), square (rectangular) end terminal, IPC_7351 nominal, (Body size source: https://docs.google.com/spreadsheets/d/1BsfQQcO9C6DZCsRaXUlFlo91Tg2WpOkGARC1WS5S8t0/edit?usp=sharing), generated with kicad-footprint-generator")
    (tags capacitor)
    (path /5F1B4E99)
    (attr smd)
    (fp_text reference C7 (at -0.9375 1.8 90) (layer F.SilkS)
      (effects (font (size 1 1) (thickness 0.15)))
    )
    (fp_text value 0.1uF (at 0 1.65 90) (layer F.Fab) hide
      (effects (font (size 1 1) (thickness 0.15)))
    )
    (fp_line (start -1 0.6) (end -1 -0.6) (layer F.Fab) (width 0.1))
    (fp_line (start -1 -0.6) (end 1 -0.6) (layer F.Fab) (width 0.1))
    (fp_line (start 1 -0.6) (end 1 0.6) (layer F.Fab) (width 0.1))
    (fp_line (start 1 0.6) (end -1 0.6) (layer F.Fab) (width 0.1))
    (fp_line (start -0.258578 -0.71) (end 0.258578 -0.71) (layer F.SilkS) (width 0.12))
    (fp_line (start -0.258578 0.71) (end 0.258578 0.71) (layer F.SilkS) (width 0.12))
    (fp_line (start -1.68 0.95) (end -1.68 -0.95) (layer F.CrtYd) (width 0.05))
    (fp_line (start -1.68 -0.95) (end 1.68 -0.95) (layer F.CrtYd) (width 0.05))
    (fp_line (start 1.68 -0.95) (end 1.68 0.95) (layer F.CrtYd) (width 0.05))
    (fp_line (start 1.68 0.95) (end -1.68 0.95) (layer F.CrtYd) (width 0.05))
    (fp_text user %R (at 0 0 90) (layer F.Fab)
      (effects (font (size 0.5 0.5) (thickness 0.08)))
    )
    (pad 1 smd roundrect (at -0.9375 0 90) (size 0.975 1.4) (layers F.Cu F.Paste F.Mask) (roundrect_rratio 0.25)
      (net 2 +3V3))
    (pad 2 smd roundrect (at 0.9375 0 90) (size 0.975 1.4) (layers F.Cu F.Paste F.Mask) (roundrect_rratio 0.25)
      (net 1 GND))
    (model "C:/Users/Gustavo/Projetos/_KiCad/KiCad Libraries/3D Models/klib_Passive/C_0805.step"
      (at (xyz 0 0 0))
      (scale (xyz 1 1 1))
      (rotate (xyz 0 0 0))
    )
  )

  (module klib_Passive:C_0805 (layer F.Cu) (tedit 5F19F0B2) (tstamp 5F1C5577)
    (at 132.1375 37.8)
    (descr "Capacitor SMD 0805 (2012 Metric), square (rectangular) end terminal, IPC_7351 nominal, (Body size source: https://docs.google.com/spreadsheets/d/1BsfQQcO9C6DZCsRaXUlFlo91Tg2WpOkGARC1WS5S8t0/edit?usp=sharing), generated with kicad-footprint-generator")
    (tags capacitor)
    (path /5F1B50A1)
    (attr smd)
    (fp_text reference C8 (at -2.5375 0.2 90) (layer F.SilkS)
      (effects (font (size 1 1) (thickness 0.15)))
    )
    (fp_text value 0.1uF (at 0 1.65) (layer F.Fab) hide
      (effects (font (size 1 1) (thickness 0.15)))
    )
    (fp_line (start 1.68 0.95) (end -1.68 0.95) (layer F.CrtYd) (width 0.05))
    (fp_line (start 1.68 -0.95) (end 1.68 0.95) (layer F.CrtYd) (width 0.05))
    (fp_line (start -1.68 -0.95) (end 1.68 -0.95) (layer F.CrtYd) (width 0.05))
    (fp_line (start -1.68 0.95) (end -1.68 -0.95) (layer F.CrtYd) (width 0.05))
    (fp_line (start -0.258578 0.71) (end 0.258578 0.71) (layer F.SilkS) (width 0.12))
    (fp_line (start -0.258578 -0.71) (end 0.258578 -0.71) (layer F.SilkS) (width 0.12))
    (fp_line (start 1 0.6) (end -1 0.6) (layer F.Fab) (width 0.1))
    (fp_line (start 1 -0.6) (end 1 0.6) (layer F.Fab) (width 0.1))
    (fp_line (start -1 -0.6) (end 1 -0.6) (layer F.Fab) (width 0.1))
    (fp_line (start -1 0.6) (end -1 -0.6) (layer F.Fab) (width 0.1))
    (fp_text user %R (at 0 0) (layer F.Fab)
      (effects (font (size 0.5 0.5) (thickness 0.08)))
    )
    (pad 2 smd roundrect (at 0.9375 0) (size 0.975 1.4) (layers F.Cu F.Paste F.Mask) (roundrect_rratio 0.25)
      (net 1 GND))
    (pad 1 smd roundrect (at -0.9375 0) (size 0.975 1.4) (layers F.Cu F.Paste F.Mask) (roundrect_rratio 0.25)
      (net 2 +3V3))
    (model "C:/Users/Gustavo/Projetos/_KiCad/KiCad Libraries/3D Models/klib_Passive/C_0805.step"
      (at (xyz 0 0 0))
      (scale (xyz 1 1 1))
      (rotate (xyz 0 0 0))
    )
  )

  (module klib_Passive:C_0805 (layer F.Cu) (tedit 5F19F0B2) (tstamp 5F1B41A4)
    (at 136.1375 37.8)
    (descr "Capacitor SMD 0805 (2012 Metric), square (rectangular) end terminal, IPC_7351 nominal, (Body size source: https://docs.google.com/spreadsheets/d/1BsfQQcO9C6DZCsRaXUlFlo91Tg2WpOkGARC1WS5S8t0/edit?usp=sharing), generated with kicad-footprint-generator")
    (tags capacitor)
    (path /5F1B53FF)
    (attr smd)
    (fp_text reference C9 (at 2.4625 0 90) (layer F.SilkS)
      (effects (font (size 1 1) (thickness 0.15)))
    )
    (fp_text value 0.1uF (at 0 1.65) (layer F.Fab) hide
      (effects (font (size 1 1) (thickness 0.15)))
    )
    (fp_line (start -1 0.6) (end -1 -0.6) (layer F.Fab) (width 0.1))
    (fp_line (start -1 -0.6) (end 1 -0.6) (layer F.Fab) (width 0.1))
    (fp_line (start 1 -0.6) (end 1 0.6) (layer F.Fab) (width 0.1))
    (fp_line (start 1 0.6) (end -1 0.6) (layer F.Fab) (width 0.1))
    (fp_line (start -0.258578 -0.71) (end 0.258578 -0.71) (layer F.SilkS) (width 0.12))
    (fp_line (start -0.258578 0.71) (end 0.258578 0.71) (layer F.SilkS) (width 0.12))
    (fp_line (start -1.68 0.95) (end -1.68 -0.95) (layer F.CrtYd) (width 0.05))
    (fp_line (start -1.68 -0.95) (end 1.68 -0.95) (layer F.CrtYd) (width 0.05))
    (fp_line (start 1.68 -0.95) (end 1.68 0.95) (layer F.CrtYd) (width 0.05))
    (fp_line (start 1.68 0.95) (end -1.68 0.95) (layer F.CrtYd) (width 0.05))
    (fp_text user %R (at 0 0) (layer F.Fab)
      (effects (font (size 0.5 0.5) (thickness 0.08)))
    )
    (pad 1 smd roundrect (at -0.9375 0) (size 0.975 1.4) (layers F.Cu F.Paste F.Mask) (roundrect_rratio 0.25)
      (net 2 +3V3))
    (pad 2 smd roundrect (at 0.9375 0) (size 0.975 1.4) (layers F.Cu F.Paste F.Mask) (roundrect_rratio 0.25)
      (net 1 GND))
    (model "C:/Users/Gustavo/Projetos/_KiCad/KiCad Libraries/3D Models/klib_Passive/C_0805.step"
      (at (xyz 0 0 0))
      (scale (xyz 1 1 1))
      (rotate (xyz 0 0 0))
    )
  )

  (module klib_Passive:C_0805 (layer F.Cu) (tedit 5F19F0B2) (tstamp 5F1B3E3E)
    (at 155.8625 50.4 180)
    (descr "Capacitor SMD 0805 (2012 Metric), square (rectangular) end terminal, IPC_7351 nominal, (Body size source: https://docs.google.com/spreadsheets/d/1BsfQQcO9C6DZCsRaXUlFlo91Tg2WpOkGARC1WS5S8t0/edit?usp=sharing), generated with kicad-footprint-generator")
    (tags capacitor)
    (path /5F1AA0DA)
    (attr smd)
    (fp_text reference C10 (at -1.7375 -1.8) (layer F.SilkS)
      (effects (font (size 1 1) (thickness 0.15)))
    )
    (fp_text value 2.2uF (at 0 1.65) (layer F.Fab) hide
      (effects (font (size 1 1) (thickness 0.15)))
    )
    (fp_line (start 1.68 0.95) (end -1.68 0.95) (layer F.CrtYd) (width 0.05))
    (fp_line (start 1.68 -0.95) (end 1.68 0.95) (layer F.CrtYd) (width 0.05))
    (fp_line (start -1.68 -0.95) (end 1.68 -0.95) (layer F.CrtYd) (width 0.05))
    (fp_line (start -1.68 0.95) (end -1.68 -0.95) (layer F.CrtYd) (width 0.05))
    (fp_line (start -0.258578 0.71) (end 0.258578 0.71) (layer F.SilkS) (width 0.12))
    (fp_line (start -0.258578 -0.71) (end 0.258578 -0.71) (layer F.SilkS) (width 0.12))
    (fp_line (start 1 0.6) (end -1 0.6) (layer F.Fab) (width 0.1))
    (fp_line (start 1 -0.6) (end 1 0.6) (layer F.Fab) (width 0.1))
    (fp_line (start -1 -0.6) (end 1 -0.6) (layer F.Fab) (width 0.1))
    (fp_line (start -1 0.6) (end -1 -0.6) (layer F.Fab) (width 0.1))
    (fp_text user %R (at 0 0) (layer F.Fab)
      (effects (font (size 0.5 0.5) (thickness 0.08)))
    )
    (pad 2 smd roundrect (at 0.9375 0 180) (size 0.975 1.4) (layers F.Cu F.Paste F.Mask) (roundrect_rratio 0.25)
      (net 1 GND))
    (pad 1 smd roundrect (at -0.9375 0 180) (size 0.975 1.4) (layers F.Cu F.Paste F.Mask) (roundrect_rratio 0.25)
      (net 3 VIN))
    (model "C:/Users/Gustavo/Projetos/_KiCad/KiCad Libraries/3D Models/klib_Passive/C_0805.step"
      (at (xyz 0 0 0))
      (scale (xyz 1 1 1))
      (rotate (xyz 0 0 0))
    )
  )

  (module klib_Passive:C_0805 (layer F.Cu) (tedit 5F19F0B2) (tstamp 5F1B3EBC)
    (at 149.4 50.4 180)
    (descr "Capacitor SMD 0805 (2012 Metric), square (rectangular) end terminal, IPC_7351 nominal, (Body size source: https://docs.google.com/spreadsheets/d/1BsfQQcO9C6DZCsRaXUlFlo91Tg2WpOkGARC1WS5S8t0/edit?usp=sharing), generated with kicad-footprint-generator")
    (tags capacitor)
    (path /5F1AC802)
    (attr smd)
    (fp_text reference C11 (at 1 1.6) (layer F.SilkS)
      (effects (font (size 1 1) (thickness 0.15)))
    )
    (fp_text value 0.1uF (at 0 1.65) (layer F.Fab) hide
      (effects (font (size 1 1) (thickness 0.15)))
    )
    (fp_line (start -1 0.6) (end -1 -0.6) (layer F.Fab) (width 0.1))
    (fp_line (start -1 -0.6) (end 1 -0.6) (layer F.Fab) (width 0.1))
    (fp_line (start 1 -0.6) (end 1 0.6) (layer F.Fab) (width 0.1))
    (fp_line (start 1 0.6) (end -1 0.6) (layer F.Fab) (width 0.1))
    (fp_line (start -0.258578 -0.71) (end 0.258578 -0.71) (layer F.SilkS) (width 0.12))
    (fp_line (start -0.258578 0.71) (end 0.258578 0.71) (layer F.SilkS) (width 0.12))
    (fp_line (start -1.68 0.95) (end -1.68 -0.95) (layer F.CrtYd) (width 0.05))
    (fp_line (start -1.68 -0.95) (end 1.68 -0.95) (layer F.CrtYd) (width 0.05))
    (fp_line (start 1.68 -0.95) (end 1.68 0.95) (layer F.CrtYd) (width 0.05))
    (fp_line (start 1.68 0.95) (end -1.68 0.95) (layer F.CrtYd) (width 0.05))
    (fp_text user %R (at 0 0) (layer F.Fab)
      (effects (font (size 0.5 0.5) (thickness 0.08)))
    )
    (pad 1 smd roundrect (at -0.9375 0 180) (size 0.975 1.4) (layers F.Cu F.Paste F.Mask) (roundrect_rratio 0.25)
      (net 4 "Net-(C11-Pad1)"))
    (pad 2 smd roundrect (at 0.9375 0 180) (size 0.975 1.4) (layers F.Cu F.Paste F.Mask) (roundrect_rratio 0.25)
      (net 1 GND))
    (model "C:/Users/Gustavo/Projetos/_KiCad/KiCad Libraries/3D Models/klib_Passive/C_0805.step"
      (at (xyz 0 0 0))
      (scale (xyz 1 1 1))
      (rotate (xyz 0 0 0))
    )
  )

  (module klib_Passive:C_0805 (layer F.Cu) (tedit 5F19F0B2) (tstamp 5F1C936B)
    (at 152.4 46.99 270)
    (descr "Capacitor SMD 0805 (2012 Metric), square (rectangular) end terminal, IPC_7351 nominal, (Body size source: https://docs.google.com/spreadsheets/d/1BsfQQcO9C6DZCsRaXUlFlo91Tg2WpOkGARC1WS5S8t0/edit?usp=sharing), generated with kicad-footprint-generator")
    (tags capacitor)
    (path /5F1DE1D9)
    (attr smd)
    (fp_text reference C12 (at 0.21 1.6 90) (layer F.SilkS)
      (effects (font (size 1 1) (thickness 0.15)))
    )
    (fp_text value 1uF (at 0 1.65 90) (layer F.Fab) hide
      (effects (font (size 1 1) (thickness 0.15)))
    )
    (fp_line (start 1.68 0.95) (end -1.68 0.95) (layer F.CrtYd) (width 0.05))
    (fp_line (start 1.68 -0.95) (end 1.68 0.95) (layer F.CrtYd) (width 0.05))
    (fp_line (start -1.68 -0.95) (end 1.68 -0.95) (layer F.CrtYd) (width 0.05))
    (fp_line (start -1.68 0.95) (end -1.68 -0.95) (layer F.CrtYd) (width 0.05))
    (fp_line (start -0.258578 0.71) (end 0.258578 0.71) (layer F.SilkS) (width 0.12))
    (fp_line (start -0.258578 -0.71) (end 0.258578 -0.71) (layer F.SilkS) (width 0.12))
    (fp_line (start 1 0.6) (end -1 0.6) (layer F.Fab) (width 0.1))
    (fp_line (start 1 -0.6) (end 1 0.6) (layer F.Fab) (width 0.1))
    (fp_line (start -1 -0.6) (end 1 -0.6) (layer F.Fab) (width 0.1))
    (fp_line (start -1 0.6) (end -1 -0.6) (layer F.Fab) (width 0.1))
    (fp_text user %R (at 0 0 90) (layer F.Fab)
      (effects (font (size 0.5 0.5) (thickness 0.08)))
    )
    (pad 2 smd roundrect (at 0.9375 0 270) (size 0.975 1.4) (layers F.Cu F.Paste F.Mask) (roundrect_rratio 0.25)
      (net 1 GND))
    (pad 1 smd roundrect (at -0.9375 0 270) (size 0.975 1.4) (layers F.Cu F.Paste F.Mask) (roundrect_rratio 0.25)
      (net 3 VIN))
    (model "C:/Users/Gustavo/Projetos/_KiCad/KiCad Libraries/3D Models/klib_Passive/C_0805.step"
      (at (xyz 0 0 0))
      (scale (xyz 1 1 1))
      (rotate (xyz 0 0 0))
    )
  )

  (module klib_Connectors:Conn_USB_Amphenol_10118194-0001LF (layer F.Cu) (tedit 5F19EFD6) (tstamp 5F1B3C84)
    (at 157.48 43.18 90)
    (descr "Micro USB 2.0 B Receptacle STD, 4 DIP Legs")
    (tags "MicroUSB Type-B")
    (path /5F1A310C)
    (fp_text reference J1 (at 4.98 -2.88) (layer F.SilkS)
      (effects (font (size 1.000953 1.000953) (thickness 0.15)))
    )
    (fp_text value USB_B_Micro (at 10.77767 4.08473 90) (layer F.Fab) hide
      (effects (font (size 1.000362 1.000362) (thickness 0.015)))
    )
    (fp_poly (pts (xy 2.3 0.78) (xy 2.3 -0.775) (xy 3.4975 -0.775) (xy 3.4975 -0.575)
      (xy 3.485731 -0.574662) (xy 3.472748 -0.57364) (xy 3.459836 -0.571941) (xy 3.447031 -0.569567)
      (xy 3.434368 -0.566527) (xy 3.421881 -0.562828) (xy 3.409605 -0.558481) (xy 3.397573 -0.553497)
      (xy 3.385818 -0.547891) (xy 3.374373 -0.541677) (xy 3.363269 -0.534872) (xy 3.352537 -0.527496)
      (xy 3.342205 -0.519567) (xy 3.332302 -0.51111) (xy 3.322855 -0.502145) (xy 3.31389 -0.492698)
      (xy 3.305433 -0.482795) (xy 3.297504 -0.472463) (xy 3.290128 -0.461731) (xy 3.283323 -0.450627)
      (xy 3.277109 -0.439182) (xy 3.271503 -0.427427) (xy 3.266519 -0.415395) (xy 3.262172 -0.403119)
      (xy 3.258473 -0.390632) (xy 3.255433 -0.377969) (xy 3.253059 -0.365164) (xy 3.25136 -0.352252)
      (xy 3.250338 -0.339269) (xy 3.25 -0.325) (xy 3.25 -0.315) (xy 3.25 0.315)
      (xy 3.25 0.325) (xy 3.250343 0.338084) (xy 3.25137 0.351132) (xy 3.253078 0.364109)
      (xy 3.255463 0.376978) (xy 3.258519 0.389705) (xy 3.262236 0.402254) (xy 3.266605 0.414592)
      (xy 3.271614 0.426684) (xy 3.277248 0.438498) (xy 3.283494 0.45) (xy 3.290332 0.46116)
      (xy 3.297746 0.471946) (xy 3.305714 0.48233) (xy 3.314214 0.492283) (xy 3.323223 0.501777)
      (xy 3.332717 0.510786) (xy 3.34267 0.519286) (xy 3.353054 0.527254) (xy 3.36384 0.534668)
      (xy 3.375 0.541506) (xy 3.386502 0.547752) (xy 3.398316 0.553386) (xy 3.410408 0.558395)
      (xy 3.422746 0.562764) (xy 3.435295 0.566481) (xy 3.448022 0.569537) (xy 3.460891 0.571922)
      (xy 3.473868 0.57363) (xy 3.486916 0.574657) (xy 3.5 0.575) (xy 3.513084 0.574657)
      (xy 3.526132 0.57363) (xy 3.539109 0.571922) (xy 3.551978 0.569537) (xy 3.564705 0.566481)
      (xy 3.577254 0.562764) (xy 3.589592 0.558395) (xy 3.601684 0.553386) (xy 3.613498 0.547752)
      (xy 3.625 0.541506) (xy 3.63616 0.534668) (xy 3.646946 0.527254) (xy 3.65733 0.519286)
      (xy 3.667283 0.510786) (xy 3.676777 0.501777) (xy 3.685786 0.492283) (xy 3.694286 0.48233)
      (xy 3.702254 0.471946) (xy 3.709668 0.46116) (xy 3.716506 0.45) (xy 3.722752 0.438498)
      (xy 3.728386 0.426684) (xy 3.733395 0.414592) (xy 3.737764 0.402254) (xy 3.741481 0.389705)
      (xy 3.744537 0.376978) (xy 3.746922 0.364109) (xy 3.74863 0.351132) (xy 3.749657 0.338084)
      (xy 3.75 0.325) (xy 3.75 -0.325) (xy 3.749662 -0.339269) (xy 3.74864 -0.352252)
      (xy 3.746941 -0.365164) (xy 3.744567 -0.377969) (xy 3.741527 -0.390632) (xy 3.737828 -0.403119)
      (xy 3.733481 -0.415395) (xy 3.728497 -0.427427) (xy 3.722891 -0.439182) (xy 3.716677 -0.450627)
      (xy 3.709872 -0.461731) (xy 3.702496 -0.472463) (xy 3.694567 -0.482795) (xy 3.68611 -0.492698)
      (xy 3.677145 -0.502145) (xy 3.667698 -0.51111) (xy 3.657795 -0.519567) (xy 3.647463 -0.527496)
      (xy 3.636731 -0.534872) (xy 3.625627 -0.541677) (xy 3.614182 -0.547891) (xy 3.602427 -0.553497)
      (xy 3.590395 -0.558481) (xy 3.578119 -0.562828) (xy 3.565632 -0.566527) (xy 3.552969 -0.569567)
      (xy 3.540164 -0.571941) (xy 3.527252 -0.57364) (xy 3.514269 -0.574662) (xy 3.5025 -0.575)
      (xy 3.5025 -0.775) (xy 3.527353 -0.774318) (xy 3.553384 -0.772269) (xy 3.579272 -0.768861)
      (xy 3.604946 -0.764103) (xy 3.630336 -0.758007) (xy 3.655373 -0.750591) (xy 3.679987 -0.741875)
      (xy 3.704111 -0.731882) (xy 3.727678 -0.720641) (xy 3.750626 -0.708182) (xy 3.77289 -0.694538)
      (xy 3.794409 -0.679748) (xy 3.815125 -0.663853) (xy 3.83498 -0.646895) (xy 3.853921 -0.628921)
      (xy 3.871895 -0.60998) (xy 3.888853 -0.590125) (xy 3.904748 -0.569409) (xy 3.919538 -0.54789)
      (xy 3.933182 -0.525626) (xy 3.945641 -0.502678) (xy 3.956882 -0.479111) (xy 3.966875 -0.454987)
      (xy 3.975591 -0.430373) (xy 3.983007 -0.405336) (xy 3.989103 -0.379946) (xy 3.993861 -0.354272)
      (xy 3.997269 -0.328384) (xy 3.999318 -0.302353) (xy 4 -0.275) (xy 4 0.275)
      (xy 3.999315 0.301168) (xy 3.997261 0.327264) (xy 3.993844 0.353217) (xy 3.989074 0.378956)
      (xy 3.982963 0.40441) (xy 3.975528 0.429508) (xy 3.96679 0.454184) (xy 3.956773 0.478368)
      (xy 3.945503 0.501995) (xy 3.933013 0.525) (xy 3.919335 0.54732) (xy 3.904508 0.568893)
      (xy 3.888573 0.58966) (xy 3.871572 0.609565) (xy 3.853553 0.628553) (xy 3.834565 0.646572)
      (xy 3.81466 0.663573) (xy 3.793893 0.679508) (xy 3.77232 0.694335) (xy 3.75 0.708013)
      (xy 3.726995 0.720503) (xy 3.703368 0.731773) (xy 3.679184 0.74179) (xy 3.654508 0.750528)
      (xy 3.62941 0.757963) (xy 3.603956 0.764074) (xy 3.578217 0.768844) (xy 3.552264 0.772261)
      (xy 3.526168 0.774315) (xy 3.5 0.775) (xy 2.305 0.775) (xy 2.305 0.78)
      (xy 2.3 0.78)) (layer F.Cu) (width 0.001))
    (fp_poly (pts (xy -2.3 -0.78) (xy -2.3 0.775) (xy -3.4975 0.775) (xy -3.4975 0.575)
      (xy -3.485731 0.574662) (xy -3.472748 0.57364) (xy -3.459836 0.571941) (xy -3.447031 0.569567)
      (xy -3.434368 0.566527) (xy -3.421881 0.562828) (xy -3.409605 0.558481) (xy -3.397573 0.553497)
      (xy -3.385818 0.547891) (xy -3.374373 0.541677) (xy -3.363269 0.534872) (xy -3.352537 0.527496)
      (xy -3.342205 0.519567) (xy -3.332302 0.51111) (xy -3.322855 0.502145) (xy -3.31389 0.492698)
      (xy -3.305433 0.482795) (xy -3.297504 0.472463) (xy -3.290128 0.461731) (xy -3.283323 0.450627)
      (xy -3.277109 0.439182) (xy -3.271503 0.427427) (xy -3.266519 0.415395) (xy -3.262172 0.403119)
      (xy -3.258473 0.390632) (xy -3.255433 0.377969) (xy -3.253059 0.365164) (xy -3.25136 0.352252)
      (xy -3.250338 0.339269) (xy -3.25 0.325) (xy -3.25 0.315) (xy -3.25 -0.315)
      (xy -3.25 -0.325) (xy -3.250343 -0.338084) (xy -3.25137 -0.351132) (xy -3.253078 -0.364109)
      (xy -3.255463 -0.376978) (xy -3.258519 -0.389705) (xy -3.262236 -0.402254) (xy -3.266605 -0.414592)
      (xy -3.271614 -0.426684) (xy -3.277248 -0.438498) (xy -3.283494 -0.45) (xy -3.290332 -0.46116)
      (xy -3.297746 -0.471946) (xy -3.305714 -0.48233) (xy -3.314214 -0.492283) (xy -3.323223 -0.501777)
      (xy -3.332717 -0.510786) (xy -3.34267 -0.519286) (xy -3.353054 -0.527254) (xy -3.36384 -0.534668)
      (xy -3.375 -0.541506) (xy -3.386502 -0.547752) (xy -3.398316 -0.553386) (xy -3.410408 -0.558395)
      (xy -3.422746 -0.562764) (xy -3.435295 -0.566481) (xy -3.448022 -0.569537) (xy -3.460891 -0.571922)
      (xy -3.473868 -0.57363) (xy -3.486916 -0.574657) (xy -3.5 -0.575) (xy -3.513084 -0.574657)
      (xy -3.526132 -0.57363) (xy -3.539109 -0.571922) (xy -3.551978 -0.569537) (xy -3.564705 -0.566481)
      (xy -3.577254 -0.562764) (xy -3.589592 -0.558395) (xy -3.601684 -0.553386) (xy -3.613498 -0.547752)
      (xy -3.625 -0.541506) (xy -3.63616 -0.534668) (xy -3.646946 -0.527254) (xy -3.65733 -0.519286)
      (xy -3.667283 -0.510786) (xy -3.676777 -0.501777) (xy -3.685786 -0.492283) (xy -3.694286 -0.48233)
      (xy -3.702254 -0.471946) (xy -3.709668 -0.46116) (xy -3.716506 -0.45) (xy -3.722752 -0.438498)
      (xy -3.728386 -0.426684) (xy -3.733395 -0.414592) (xy -3.737764 -0.402254) (xy -3.741481 -0.389705)
      (xy -3.744537 -0.376978) (xy -3.746922 -0.364109) (xy -3.74863 -0.351132) (xy -3.749657 -0.338084)
      (xy -3.75 -0.325) (xy -3.75 0.325) (xy -3.749662 0.339269) (xy -3.74864 0.352252)
      (xy -3.746941 0.365164) (xy -3.744567 0.377969) (xy -3.741527 0.390632) (xy -3.737828 0.403119)
      (xy -3.733481 0.415395) (xy -3.728497 0.427427) (xy -3.722891 0.439182) (xy -3.716677 0.450627)
      (xy -3.709872 0.461731) (xy -3.702496 0.472463) (xy -3.694567 0.482795) (xy -3.68611 0.492698)
      (xy -3.677145 0.502145) (xy -3.667698 0.51111) (xy -3.657795 0.519567) (xy -3.647463 0.527496)
      (xy -3.636731 0.534872) (xy -3.625627 0.541677) (xy -3.614182 0.547891) (xy -3.602427 0.553497)
      (xy -3.590395 0.558481) (xy -3.578119 0.562828) (xy -3.565632 0.566527) (xy -3.552969 0.569567)
      (xy -3.540164 0.571941) (xy -3.527252 0.57364) (xy -3.514269 0.574662) (xy -3.5025 0.575)
      (xy -3.5025 0.775) (xy -3.527353 0.774318) (xy -3.553384 0.772269) (xy -3.579272 0.768861)
      (xy -3.604946 0.764103) (xy -3.630336 0.758007) (xy -3.655373 0.750591) (xy -3.679987 0.741875)
      (xy -3.704111 0.731882) (xy -3.727678 0.720641) (xy -3.750626 0.708182) (xy -3.77289 0.694538)
      (xy -3.794409 0.679748) (xy -3.815125 0.663853) (xy -3.83498 0.646895) (xy -3.853921 0.628921)
      (xy -3.871895 0.60998) (xy -3.888853 0.590125) (xy -3.904748 0.569409) (xy -3.919538 0.54789)
      (xy -3.933182 0.525626) (xy -3.945641 0.502678) (xy -3.956882 0.479111) (xy -3.966875 0.454987)
      (xy -3.975591 0.430373) (xy -3.983007 0.405336) (xy -3.989103 0.379946) (xy -3.993861 0.354272)
      (xy -3.997269 0.328384) (xy -3.999318 0.302353) (xy -4 0.275) (xy -4 -0.275)
      (xy -3.999315 -0.301168) (xy -3.997261 -0.327264) (xy -3.993844 -0.353217) (xy -3.989074 -0.378956)
      (xy -3.982963 -0.40441) (xy -3.975528 -0.429508) (xy -3.96679 -0.454184) (xy -3.956773 -0.478368)
      (xy -3.945503 -0.501995) (xy -3.933013 -0.525) (xy -3.919335 -0.54732) (xy -3.904508 -0.568893)
      (xy -3.888573 -0.58966) (xy -3.871572 -0.609565) (xy -3.853553 -0.628553) (xy -3.834565 -0.646572)
      (xy -3.81466 -0.663573) (xy -3.793893 -0.679508) (xy -3.77232 -0.694335) (xy -3.75 -0.708013)
      (xy -3.726995 -0.720503) (xy -3.703368 -0.731773) (xy -3.679184 -0.74179) (xy -3.654508 -0.750528)
      (xy -3.62941 -0.757963) (xy -3.603956 -0.764074) (xy -3.578217 -0.768844) (xy -3.552264 -0.772261)
      (xy -3.526168 -0.774315) (xy -3.5 -0.775) (xy -2.305 -0.775) (xy -2.305 -0.78)
      (xy -2.3 -0.78)) (layer F.Cu) (width 0.001))
    (fp_circle (center -1.35 -4.1) (end -1.25 -4.1) (layer F.SilkS) (width 0.2))
    (fp_circle (center -1.35 -4.1) (end -1.25 -4.1) (layer F.Fab) (width 0.2))
    (fp_line (start 4.25 2.15) (end 4.25 -3.625) (layer F.CrtYd) (width 0.05))
    (fp_line (start 4.725 2.93) (end 4.25 2.15) (layer F.CrtYd) (width 0.05))
    (fp_line (start -4.25 2.15) (end -4.25 -3.625) (layer F.CrtYd) (width 0.05))
    (fp_line (start -4.725 2.93) (end -4.25 2.15) (layer F.CrtYd) (width 0.05))
    (fp_line (start 4.725 2.93) (end -4.725 2.93) (layer F.CrtYd) (width 0.05))
    (fp_line (start -4.25 -3.625) (end 4.25 -3.625) (layer F.CrtYd) (width 0.05))
    (fp_line (start -3.7 1.45) (end 3.7 1.45) (layer F.SilkS) (width 0.127))
    (fp_line (start 3.7 1.18) (end 3.7 1.45) (layer F.SilkS) (width 0.127))
    (fp_line (start -3.7 1.45) (end -3.7 1.18) (layer F.SilkS) (width 0.127))
    (fp_line (start 3.7 -2.85) (end 3.52 -2.85) (layer F.SilkS) (width 0.127))
    (fp_line (start -3.7 -2.85) (end -3.52 -2.85) (layer F.SilkS) (width 0.127))
    (fp_line (start 3.7 -2.85) (end 3.7 -1.095) (layer F.SilkS) (width 0.127))
    (fp_line (start -3.7 -2.85) (end -3.7 -1.095) (layer F.SilkS) (width 0.127))
    (fp_line (start -3.7 -2.85) (end 3.7 -2.85) (layer F.Fab) (width 0.127))
    (fp_line (start 3.7 1.45) (end 3.7 -2.85) (layer F.Fab) (width 0.127))
    (fp_line (start 3.7 2.15) (end 3.7 1.45) (layer F.Fab) (width 0.127))
    (fp_line (start 4.025 2.68) (end 3.7 2.15) (layer F.Fab) (width 0.127))
    (fp_line (start -4.025 2.68) (end 4.025 2.68) (layer F.Fab) (width 0.127))
    (fp_line (start -3.7 2.15) (end -4.025 2.68) (layer F.Fab) (width 0.127))
    (fp_line (start -3.7 1.45) (end -3.7 2.15) (layer F.Fab) (width 0.127))
    (fp_line (start -3.7 -2.85) (end -3.7 1.45) (layer F.Fab) (width 0.127))
    (fp_line (start -3.7 1.45) (end 3.7 1.45) (layer F.Fab) (width 0.127))
    (fp_poly (pts (xy 3.6 0.875) (xy 2.2 0.875) (xy 2.2 -0.875) (xy 3.6 -0.875)
      (xy 3.626168 -0.874315) (xy 3.652264 -0.872261) (xy 3.678217 -0.868844) (xy 3.703956 -0.864074)
      (xy 3.72941 -0.857963) (xy 3.754508 -0.850528) (xy 3.779184 -0.84179) (xy 3.803368 -0.831773)
      (xy 3.826995 -0.820503) (xy 3.85 -0.808013) (xy 3.87232 -0.794335) (xy 3.893893 -0.779508)
      (xy 3.91466 -0.763573) (xy 3.934565 -0.746572) (xy 3.953553 -0.728553) (xy 3.971572 -0.709565)
      (xy 3.988573 -0.68966) (xy 4.004508 -0.668893) (xy 4.019335 -0.64732) (xy 4.033013 -0.625)
      (xy 4.045503 -0.601995) (xy 4.056773 -0.578368) (xy 4.06679 -0.554184) (xy 4.075528 -0.529508)
      (xy 4.082963 -0.50441) (xy 4.089074 -0.478956) (xy 4.093844 -0.453217) (xy 4.097261 -0.427264)
      (xy 4.099315 -0.401168) (xy 4.1 -0.375) (xy 4.1 0.375) (xy 4.099315 0.401168)
      (xy 4.097261 0.427264) (xy 4.093844 0.453217) (xy 4.089074 0.478956) (xy 4.082963 0.50441)
      (xy 4.075528 0.529508) (xy 4.06679 0.554184) (xy 4.056773 0.578368) (xy 4.045503 0.601995)
      (xy 4.033013 0.625) (xy 4.019335 0.64732) (xy 4.004508 0.668893) (xy 3.988573 0.68966)
      (xy 3.971572 0.709565) (xy 3.953553 0.728553) (xy 3.934565 0.746572) (xy 3.91466 0.763573)
      (xy 3.893893 0.779508) (xy 3.87232 0.794335) (xy 3.85 0.808013) (xy 3.826995 0.820503)
      (xy 3.803368 0.831773) (xy 3.779184 0.84179) (xy 3.754508 0.850528) (xy 3.72941 0.857963)
      (xy 3.703956 0.864074) (xy 3.678217 0.868844) (xy 3.652264 0.872261) (xy 3.626168 0.874315)
      (xy 3.6 0.875)) (layer F.Mask) (width 0.0001))
